$ANSIBLE_VAULT;1.1;AES256
34363736353133336561626464646437613462633364373538373731383061306461323735393135
6662396537663736616337373833613865363961646633660a656565366664333032663461333063
65323463613433323439646337646435663466323465363939373534356434393762373231623933
6663383834373734320a636665373061333831613364353364623938356535656539646638346434
61393333636362386432386162353864303266653535366537633166643732383163663837653362
39383235656461646662366632323231363334303262643463303565353039376431646164306539
33613933633836383136366362373532326433616363336332313063363935636163386435366535
37383230356632306132623065323362343535666364666639323039666664626639663163306162
39373634313733363664653961646364323465363762306664393931633030366662346138353130
32663361336437313062656366313163636463333336386161336136313434373965666330353666
32646365353934313732643562636231383330323031653330363832363663363839636662313537
32616461633965633233633735643263363864313365666632376462303333663763633363363064
37316431393064663235633962383831633266626630363363316134333966663638633034636631
64343134303661643035343339303236326431336134313833633266303530333934396230386537
38636231646163373332663665373832663236396531303161326261393636623337376137613035
33633766316462633764616666613238376166623131343231323634346461643961653639386637
31353065363331336164393961326438666664323964326166386536666135643262613361353135
64316532383863333361663065386361306138643632663831643365303534316361386430343336
33643064623130383732373564393539666565323963323332386132383666636434626433626662
33616661393438366336373661383330366161366239663261353537313965323738393962633862
36383161643031666531363339333633323532303335326132623033306635613863663835633761
38356563303931663838383262616261326132396566663237333635656333323363393138313266
373136323439343538323431666538333839
